0 0.41484375 0.61640625 0.2171875 0.0625
0 0.63203125 0.7203125 0.315625 0.1109375
0 0.3578125 0.771875 0.18125 0.10625
0 0.62890625 0.3453125 0.1328125 0.0484375
0 0.475 0.15390625 0.0828125 0.0296875
0 0.40234375 0.12890625 0.0828125 0.0296875
0 0.4203125 0.3265625 0.11875 0.0328125
0 0.1359375 0.19140625 0.1 0.034375
0 0.1859375 0.2453125 0.090625 0.034375
0 0.27265625 0.27890625 0.053125 0.0296875
0 0.2796875 0.228125 0.0453125 0.021875
0 0.70078125 0.296875 0.1515625 0.0359375
0 0.07578125 0.12109375 0.05625 0.021875
0 0.3078125 0.08046875 0.1140625 0.0390625